
68	3	99	2	97.09302325581395	95.77464788732394	98.01980198019803	97.14285714285714	96.45390070921985	0.9689722493376098
71	0	101	0	100.0	100.0	100.0	100.0	100.0	1.0
70	1	97	4	97.09302325581395	98.59154929577464	96.03960396039604	94.5945945945946	96.55172413793103	0.9731557662808534
68	3	99	2	97.09302325581395	95.77464788732394	98.01980198019803	97.14285714285714	96.45390070921985	0.9689722493376098
68	3	97	4	95.93023255813954	95.77464788732394	96.03960396039604	94.44444444444444	95.10489510489509	0.9590712592385999
69	2	100	1	98.25581395348837	97.1830985915493	99.00990099009901	98.57142857142857	97.87234042553192	0.9809649979082415
70	1	100	1	98.83720930232558	98.59154929577464	99.00990099009901	98.59154929577464	98.59154929577466	0.9880072514293683
71	0	99	2	98.83720930232558	100.0	98.01980198019803	97.26027397260275	98.61111111111113	0.9900990099009901
70	1	99	2	98.25581395348837	98.59154929577464	98.01980198019803	97.22222222222223	97.9020979020979	0.9830567563798633
